{
 "cells": [
  {
   "cell_type": "markdown",
   "metadata": {},
   "source": []
  },
  {
   "cell_type": "code",
   "execution_count": 10,
   "metadata": {},
   "outputs": [
    {
     "name": "stdout",
     "output_type": "stream",
     "text": [
      "两个字典相同\n"
     ]
    }
   ],
   "source": [
    "def compare_dicts(dict1, dict2):\n",
    "    # 检查键值对数量\n",
    "    if len(dict1) != len(dict2):\n",
    "        return False\n",
    "\n",
    "    # 检查所有键是否相同\n",
    "    if set(dict1.keys()) != set(dict2.keys()):\n",
    "        return False\n",
    "\n",
    "    # 检查所有键对应的值是否相同\n",
    "    for key in dict1:\n",
    "        if dict1[key] != dict2[key]:\n",
    "            return False\n",
    "\n",
    "    return True\n",
    "\n",
    "# 示例字典\n",
    "dict1 = {'a': 1, 'b': 2, 'c': 3}\n",
    "dict2 = {'a': 1, 'b': 2, 'c': 3}\n",
    "\n",
    "# 比较两个字典\n",
    "if compare_dicts(dict1, dict2):\n",
    "    print(\"两个字典相同\")\n",
    "else:\n",
    "    print(\"两个字典不同\")"
   ]
  },
  {
   "cell_type": "code",
   "execution_count": 17,
   "metadata": {},
   "outputs": [
    {
     "name": "stdout",
     "output_type": "stream",
     "text": [
      "========\n",
      "transl torch.Size([1, 3])\n",
      "global_orient torch.Size([1, 1, 3, 3])\n",
      "body_pose torch.Size([1, 21, 3, 3])\n",
      "betas torch.Size([1, 16])\n",
      "left_hand_pose torch.Size([1, 15, 3, 3])\n",
      "right_hand_pose torch.Size([1, 15, 3, 3])\n",
      "jaw_pose torch.Size([1, 1, 3, 3])\n",
      "leye_pose torch.Size([1, 1, 3])\n",
      "reye_pose torch.Size([1, 1, 3])\n",
      "expression torch.Size([1, 10])\n",
      "vertices torch.Size([1, 10475, 3])\n",
      "joints torch.Size([1, 144, 3])\n",
      "full_pose torch.Size([1, 55, 3, 3])\n",
      "faces (20908, 3)\n",
      "========\n",
      "transl torch.Size([601, 3])\n",
      "global_orient torch.Size([601, 1, 3, 3])\n",
      "body_pose torch.Size([601, 21, 3, 3])\n",
      "betas torch.Size([601, 16])\n",
      "left_hand_pose torch.Size([601, 15, 3, 3])\n",
      "right_hand_pose torch.Size([601, 15, 3, 3])\n",
      "jaw_pose torch.Size([601, 1, 3, 3])\n",
      "leye_pose torch.Size([601, 1, 3])\n",
      "reye_pose torch.Size([601, 1, 3])\n",
      "expression torch.Size([601, 10])\n",
      "vertices torch.Size([601, 10475, 3])\n",
      "joints torch.Size([601, 144, 3])\n",
      "full_pose torch.Size([601, 55, 3, 3])\n",
      "faces (20908, 3)\n"
     ]
    }
   ],
   "source": [
    "import pickle\n",
    "path1 = \"/home/stu5/research/Project/Motion/smplx/output/0477.pkl\"\n",
    "path2 = \"/home/stu5/research/Project/Motion/smplx/output-2023-0718-1725/0477.pkl\"\n",
    "with open(path1, \"rb\") as f:\n",
    "    data1 = pickle.load(f)\n",
    "with open(path2, \"rb\") as f:\n",
    "    data2 = pickle.load(f)\n",
    "\n",
    "print(\"========\")\n",
    "for key in data1.keys():\n",
    "    print(key, data1[key].shape)\n",
    "print(\"========\")\n",
    "for key in data2.keys():\n",
    "    print(key, data2[key].shape)\n"
   ]
  },
  {
   "cell_type": "code",
   "execution_count": 9,
   "metadata": {},
   "outputs": [
    {
     "data": {
      "text/plain": [
       "{'transl': tensor([[-0.0041,  0.1148,  0.0271],\n",
       "         [-0.0041,  0.1135,  0.0273],\n",
       "         [-0.0040,  0.1138,  0.0271],\n",
       "         [-0.0040,  0.1153,  0.0279],\n",
       "         [-0.0040,  0.1153,  0.0278],\n",
       "         [-0.0041,  0.1137,  0.0273],\n",
       "         [-0.0040,  0.1146,  0.0270],\n",
       "         [-0.0041,  0.1131,  0.0274],\n",
       "         [-0.0040,  0.1147,  0.0270],\n",
       "         [-0.0041,  0.1136,  0.0275],\n",
       "         [-0.0041,  0.1151,  0.0278],\n",
       "         [-0.0040,  0.1153,  0.0279],\n",
       "         [-0.0041,  0.1147,  0.0274],\n",
       "         [-0.0040,  0.1143,  0.0274],\n",
       "         [-0.0041,  0.1134,  0.0274],\n",
       "         [-0.0041,  0.1131,  0.0269],\n",
       "         [-0.0041,  0.1149,  0.0272],\n",
       "         [-0.0041,  0.1133,  0.0274],\n",
       "         [-0.0041,  0.1148,  0.0272],\n",
       "         [-0.0040,  0.1147,  0.0270],\n",
       "         [-0.0040,  0.1153,  0.0278],\n",
       "         [-0.0041,  0.1148,  0.0277],\n",
       "         [-0.0041,  0.1142,  0.0276],\n",
       "         [-0.0041,  0.1148,  0.0271],\n",
       "         [-0.0040,  0.1153,  0.0278],\n",
       "         [-0.0040,  0.1145,  0.0270],\n",
       "         [-0.0041,  0.1147,  0.0274],\n",
       "         [-0.0041,  0.1145,  0.0274],\n",
       "         [-0.0041,  0.1148,  0.0271],\n",
       "         [-0.0040,  0.1147,  0.0270],\n",
       "         [-0.0041,  0.1131,  0.0269],\n",
       "         [-0.0042,  0.1128,  0.0270],\n",
       "         [-0.0042,  0.1130,  0.0273],\n",
       "         [-0.0041,  0.1136,  0.0273],\n",
       "         [-0.0041,  0.1149,  0.0278],\n",
       "         [-0.0042,  0.1130,  0.0273],\n",
       "         [-0.0040,  0.1153,  0.0279],\n",
       "         [-0.0040,  0.1143,  0.0273],\n",
       "         [-0.0041,  0.1145,  0.0274],\n",
       "         [-0.0040,  0.1153,  0.0279],\n",
       "         [-0.0040,  0.1153,  0.0279],\n",
       "         [-0.0041,  0.1148,  0.0271],\n",
       "         [-0.0040,  0.1145,  0.0270],\n",
       "         [-0.0041,  0.1149,  0.0272],\n",
       "         [-0.0041,  0.1149,  0.0277],\n",
       "         [-0.0040,  0.1147,  0.0270],\n",
       "         [-0.0041,  0.1148,  0.0271],\n",
       "         [-0.0041,  0.1148,  0.0272],\n",
       "         [-0.0040,  0.1145,  0.0273],\n",
       "         [-0.0041,  0.1142,  0.0275],\n",
       "         [-0.0041,  0.1140,  0.0275],\n",
       "         [-0.0040,  0.1153,  0.0278],\n",
       "         [-0.0041,  0.1146,  0.0271],\n",
       "         [-0.0040,  0.1141,  0.0273],\n",
       "         [-0.0040,  0.1146,  0.0270],\n",
       "         [-0.0040,  0.1153,  0.0278],\n",
       "         [-0.0041,  0.1129,  0.0269],\n",
       "         [-0.0040,  0.1153,  0.0278],\n",
       "         [-0.0041,  0.1146,  0.0271],\n",
       "         [-0.0041,  0.1146,  0.0272],\n",
       "         [-0.0041,  0.1133,  0.0270],\n",
       "         [-0.0041,  0.1147,  0.0273],\n",
       "         [-0.0041,  0.1147,  0.0273],\n",
       "         [-0.0040,  0.1146,  0.0269],\n",
       "         [-0.0040,  0.1152,  0.0279],\n",
       "         [-0.0040,  0.1153,  0.0278],\n",
       "         [-0.0040,  0.1147,  0.0270],\n",
       "         [-0.0041,  0.1149,  0.0278],\n",
       "         [-0.0041,  0.1146,  0.0273],\n",
       "         [-0.0040,  0.1147,  0.0270],\n",
       "         [-0.0041,  0.1146,  0.0271],\n",
       "         [-0.0041,  0.1147,  0.0270],\n",
       "         [-0.0040,  0.1147,  0.0270],\n",
       "         [-0.0040,  0.1146,  0.0270],\n",
       "         [-0.0041,  0.1137,  0.0275],\n",
       "         [-0.0040,  0.1142,  0.0273],\n",
       "         [-0.0041,  0.1136,  0.0273],\n",
       "         [-0.0041,  0.1149,  0.0278],\n",
       "         [-0.0041,  0.1147,  0.0271],\n",
       "         [-0.0041,  0.1146,  0.0271],\n",
       "         [-0.0041,  0.1134,  0.0274],\n",
       "         [-0.0040,  0.1146,  0.0270],\n",
       "         [-0.0041,  0.1146,  0.0273],\n",
       "         [-0.0041,  0.1149,  0.0272],\n",
       "         [-0.0041,  0.1149,  0.0272],\n",
       "         [-0.0041,  0.1135,  0.0275],\n",
       "         [-0.0040,  0.1145,  0.0273],\n",
       "         [-0.0040,  0.1142,  0.0272],\n",
       "         [-0.0040,  0.1146,  0.0270],\n",
       "         [-0.0041,  0.1149,  0.0272],\n",
       "         [-0.0041,  0.1148,  0.0271],\n",
       "         [-0.0041,  0.1147,  0.0270],\n",
       "         [-0.0040,  0.1154,  0.0279],\n",
       "         [-0.0041,  0.1129,  0.0269],\n",
       "         [-0.0040,  0.1143,  0.0274],\n",
       "         [-0.0041,  0.1150,  0.0278],\n",
       "         [-0.0041,  0.1148,  0.0272],\n",
       "         [-0.0041,  0.1147,  0.0274],\n",
       "         [-0.0041,  0.1128,  0.0269],\n",
       "         [-0.0040,  0.1144,  0.0273],\n",
       "         [-0.0041,  0.1149,  0.0272],\n",
       "         [-0.0040,  0.1145,  0.0270],\n",
       "         [-0.0041,  0.1143,  0.0276],\n",
       "         [-0.0040,  0.1153,  0.0278],\n",
       "         [-0.0041,  0.1146,  0.0273],\n",
       "         [-0.0041,  0.1148,  0.0271],\n",
       "         [-0.0041,  0.1134,  0.0272],\n",
       "         [-0.0040,  0.1145,  0.0270],\n",
       "         [-0.0041,  0.1148,  0.0271],\n",
       "         [-0.0040,  0.1147,  0.0270],\n",
       "         [-0.0040,  0.1153,  0.0278],\n",
       "         [-0.0040,  0.1146,  0.0270],\n",
       "         [-0.0040,  0.1146,  0.0270],\n",
       "         [-0.0040,  0.1153,  0.0278],\n",
       "         [-0.0041,  0.1145,  0.0273],\n",
       "         [-0.0040,  0.1141,  0.0273],\n",
       "         [-0.0041,  0.1146,  0.0276],\n",
       "         [-0.0040,  0.1144,  0.0273],\n",
       "         [-0.0040,  0.1146,  0.0270],\n",
       "         [-0.0041,  0.1146,  0.0273],\n",
       "         [-0.0041,  0.1147,  0.0271],\n",
       "         [-0.0041,  0.1132,  0.0269],\n",
       "         [-0.0041,  0.1147,  0.0277],\n",
       "         [-0.0041,  0.1137,  0.0275],\n",
       "         [-0.0041,  0.1146,  0.0273],\n",
       "         [-0.0041,  0.1149,  0.0271],\n",
       "         [-0.0040,  0.1153,  0.0278],\n",
       "         [-0.0041,  0.1148,  0.0271]], device='cuda:0', requires_grad=True),\n",
       " 'global_orient': tensor([[[[-1.4322e-02, -3.3174e-01,  9.4326e-01],\n",
       "           [ 9.9988e-01, -9.5235e-03,  1.1832e-02],\n",
       "           [ 5.0581e-03,  9.4332e-01,  3.3184e-01]]],\n",
       " \n",
       " \n",
       "         [[[-1.7272e-02, -3.4051e-01,  9.4008e-01],\n",
       "           [ 9.9985e-01, -6.3416e-03,  1.6073e-02],\n",
       "           [ 4.8852e-04,  9.4022e-01,  3.4057e-01]]],\n",
       " \n",
       " \n",
       "         [[[-1.5427e-02, -3.3390e-01,  9.4248e-01],\n",
       "           [ 9.9988e-01, -7.3290e-03,  1.3770e-02],\n",
       "           [ 2.3095e-03,  9.4258e-01,  3.3398e-01]]],\n",
       " \n",
       " \n",
       "         ...,\n",
       " \n",
       " \n",
       "         [[[-1.4361e-02, -3.3231e-01,  9.4306e-01],\n",
       "           [ 9.9988e-01, -9.8351e-03,  1.1760e-02],\n",
       "           [ 5.3671e-03,  9.4312e-01,  3.3242e-01]]],\n",
       " \n",
       " \n",
       "         [[[-1.1057e-02, -3.3961e-01,  9.4050e-01],\n",
       "           [ 9.9989e-01, -1.2657e-02,  7.1853e-03],\n",
       "           [ 9.4636e-03,  9.4048e-01,  3.3971e-01]]],\n",
       " \n",
       " \n",
       "         [[[-1.4466e-02, -3.3209e-01,  9.4314e-01],\n",
       "           [ 9.9988e-01, -9.7342e-03,  1.1909e-02],\n",
       "           [ 5.2258e-03,  9.4320e-01,  3.3219e-01]]]], device='cuda:0',\n",
       "        requires_grad=True),\n",
       " 'body_pose': tensor([[[[ 9.7751e-01, -6.1937e-02, -2.0157e-01],\n",
       "           [ 1.9238e-01,  6.5333e-01,  7.3222e-01],\n",
       "           [ 8.6338e-02, -7.5453e-01,  6.5056e-01]],\n",
       " \n",
       "          [[ 9.7932e-01,  1.9380e-03,  2.0232e-01],\n",
       "           [-1.7001e-01,  5.5004e-01,  8.1765e-01],\n",
       "           [-1.0970e-01, -8.3514e-01,  5.3899e-01]],\n",
       " \n",
       "          [[ 9.9591e-01,  8.6881e-02, -2.4852e-02],\n",
       "           [-8.7056e-02,  8.4870e-01, -5.2166e-01],\n",
       "           [-2.4231e-02,  5.2169e-01,  8.5279e-01]],\n",
       " \n",
       "          ...,\n",
       " \n",
       "          [[-3.7574e-01,  3.0137e-01,  8.7635e-01],\n",
       "           [-1.3789e-01,  9.1694e-01, -3.7445e-01],\n",
       "           [-9.1641e-01, -2.6154e-01, -3.0297e-01]],\n",
       " \n",
       "          [[ 9.5510e-01, -2.0601e-01, -2.1296e-01],\n",
       "           [ 2.0955e-01,  9.7778e-01, -6.1027e-03],\n",
       "           [ 2.0948e-01, -3.8795e-02,  9.7704e-01]],\n",
       " \n",
       "          [[ 9.0919e-01, -4.1148e-01, -6.3755e-02],\n",
       "           [ 4.1625e-01,  8.9426e-01,  1.6441e-01],\n",
       "           [-1.0635e-02, -1.7601e-01,  9.8433e-01]]],\n",
       " \n",
       " \n",
       "         [[[ 9.7839e-01, -6.1186e-02, -1.9749e-01],\n",
       "           [ 1.8795e-01,  6.6117e-01,  7.2631e-01],\n",
       "           [ 8.6133e-02, -7.4774e-01,  6.5838e-01]],\n",
       " \n",
       "          [[ 9.8046e-01,  1.0234e-03,  1.9670e-01],\n",
       "           [-1.6394e-01,  5.5683e-01,  8.1429e-01],\n",
       "           [-1.0869e-01, -8.3063e-01,  5.4611e-01]],\n",
       " \n",
       "          [[ 9.9724e-01,  7.0411e-02, -2.3668e-02],\n",
       "           [-7.2070e-02,  8.3994e-01, -5.3787e-01],\n",
       "           [-1.7992e-02,  5.3809e-01,  8.4269e-01]],\n",
       " \n",
       "          ...,\n",
       " \n",
       "          [[-3.8921e-01,  2.7871e-01,  8.7797e-01],\n",
       "           [-6.3483e-02,  9.4275e-01, -3.2742e-01],\n",
       "           [-9.1896e-01, -1.8317e-01, -3.4923e-01]],\n",
       " \n",
       "          [[ 9.3817e-01, -2.5769e-01, -2.3115e-01],\n",
       "           [ 2.6985e-01,  9.6265e-01,  2.2038e-02],\n",
       "           [ 2.1684e-01, -8.3051e-02,  9.7267e-01]],\n",
       " \n",
       "          [[ 9.9916e-01, -3.9780e-02, -1.0220e-02],\n",
       "           [ 4.0707e-02,  9.9221e-01,  1.1770e-01],\n",
       "           [ 5.4579e-03, -1.1802e-01,  9.9300e-01]]],\n",
       " \n",
       " \n",
       "         [[[ 9.7858e-01, -6.2075e-02, -1.9627e-01],\n",
       "           [ 1.8830e-01,  6.5517e-01,  7.3164e-01],\n",
       "           [ 8.3175e-02, -7.5293e-01,  6.5283e-01]],\n",
       " \n",
       "          [[ 9.8009e-01,  9.6583e-04,  1.9855e-01],\n",
       "           [-1.6628e-01,  5.5045e-01,  8.1814e-01],\n",
       "           [-1.0850e-01, -8.3487e-01,  5.3965e-01]],\n",
       " \n",
       "          [[ 9.9694e-01,  7.4840e-02, -2.2376e-02],\n",
       "           [-7.5367e-02,  8.4629e-01, -5.2737e-01],\n",
       "           [-2.0532e-02,  5.2745e-01,  8.4934e-01]],\n",
       " \n",
       "          ...,\n",
       " \n",
       "          [[-3.9445e-01,  2.7488e-01,  8.7684e-01],\n",
       "           [-8.3849e-02,  9.3946e-01, -3.3223e-01],\n",
       "           [-9.1508e-01, -2.0457e-01, -3.4753e-01]],\n",
       " \n",
       "          [[ 9.4179e-01, -2.6312e-01, -2.0927e-01],\n",
       "           [ 2.6801e-01,  9.6340e-01, -5.1629e-03],\n",
       "           [ 2.0297e-01, -5.1224e-02,  9.7784e-01]],\n",
       " \n",
       "          [[ 9.7849e-01, -2.0425e-01, -2.9117e-02],\n",
       "           [ 2.0603e-01,  9.5998e-01,  1.8968e-01],\n",
       "           [-1.0791e-02, -1.9160e-01,  9.8141e-01]]],\n",
       " \n",
       " \n",
       "         ...,\n",
       " \n",
       " \n",
       "         [[[ 9.7742e-01, -6.1756e-02, -2.0207e-01],\n",
       "           [ 1.9258e-01,  6.5389e-01,  7.3167e-01],\n",
       "           [ 8.6950e-02, -7.5406e-01,  6.5102e-01]],\n",
       " \n",
       "          [[ 9.7934e-01,  2.0602e-03,  2.0220e-01],\n",
       "           [-1.6990e-01,  5.5060e-01,  8.1729e-01],\n",
       "           [-1.0965e-01, -8.3476e-01,  5.3958e-01]],\n",
       " \n",
       "          [[ 9.9586e-01,  8.7568e-02, -2.4527e-02],\n",
       "           [-8.7482e-02,  8.4885e-01, -5.2135e-01],\n",
       "           [-2.4833e-02,  5.2133e-01,  8.5299e-01]],\n",
       " \n",
       "          ...,\n",
       " \n",
       "          [[-3.7418e-01,  3.0936e-01,  8.7423e-01],\n",
       "           [-1.3634e-01,  9.1412e-01, -3.8183e-01],\n",
       "           [-9.1728e-01, -2.6207e-01, -2.9987e-01]],\n",
       " \n",
       "          [[ 9.5618e-01, -2.0156e-01, -2.1236e-01],\n",
       "           [ 2.0404e-01,  9.7891e-01, -1.0420e-02],\n",
       "           [ 2.0998e-01, -3.3367e-02,  9.7714e-01]],\n",
       " \n",
       "          [[ 9.0050e-01, -4.2944e-01, -6.8454e-02],\n",
       "           [ 4.3485e-01,  8.8829e-01,  1.4777e-01],\n",
       "           [-2.6496e-03, -1.6283e-01,  9.8665e-01]]],\n",
       " \n",
       " \n",
       "         [[[ 9.7939e-01, -5.9463e-02, -1.9305e-01],\n",
       "           [ 1.8354e-01,  6.6104e-01,  7.2756e-01],\n",
       "           [ 8.4349e-02, -7.4799e-01,  6.5833e-01]],\n",
       " \n",
       "          [[ 9.8112e-01, -3.2822e-03,  1.9336e-01],\n",
       "           [-1.5837e-01,  5.6018e-01,  8.1309e-01],\n",
       "           [-1.1099e-01, -8.2837e-01,  5.4908e-01]],\n",
       " \n",
       "          [[ 9.9446e-01,  1.0086e-01, -2.9671e-02],\n",
       "           [-1.0121e-01,  8.4214e-01, -5.2968e-01],\n",
       "           [-2.8435e-02,  5.2975e-01,  8.4768e-01]],\n",
       " \n",
       "          ...,\n",
       " \n",
       "          [[-3.5907e-01,  3.4616e-01,  8.6674e-01],\n",
       "           [-1.6423e-01,  8.9075e-01, -4.2378e-01],\n",
       "           [-9.1875e-01, -2.9451e-01, -2.6300e-01]],\n",
       " \n",
       "          [[ 8.9484e-01, -4.1820e-01, -1.5611e-01],\n",
       "           [ 4.0916e-01,  9.0824e-01, -8.7683e-02],\n",
       "           [ 1.7845e-01,  1.4589e-02,  9.8384e-01]],\n",
       " \n",
       "          [[ 9.8824e-01, -1.0029e-01, -1.1542e-01],\n",
       "           [ 9.1488e-02,  9.9265e-01, -7.9177e-02],\n",
       "           [ 1.2251e-01,  6.7687e-02,  9.9016e-01]]],\n",
       " \n",
       " \n",
       "         [[[ 9.7744e-01, -6.1625e-02, -2.0204e-01],\n",
       "           [ 1.9247e-01,  6.5389e-01,  7.3170e-01],\n",
       "           [ 8.7019e-02, -7.5408e-01,  6.5100e-01]],\n",
       " \n",
       "          [[ 9.7937e-01,  2.2496e-03,  2.0208e-01],\n",
       "           [-1.6993e-01,  5.5038e-01,  8.1744e-01],\n",
       "           [-1.0938e-01, -8.3491e-01,  5.3941e-01]],\n",
       " \n",
       "          [[ 9.9585e-01,  8.7480e-02, -2.5003e-02],\n",
       "           [-8.7634e-02,  8.4839e-01, -5.2207e-01],\n",
       "           [-2.4458e-02,  5.2209e-01,  8.5254e-01]],\n",
       " \n",
       "          ...,\n",
       " \n",
       "          [[-3.7711e-01,  3.0739e-01,  8.7367e-01],\n",
       "           [-1.3752e-01,  9.1428e-01, -3.8104e-01],\n",
       "           [-9.1590e-01, -2.6384e-01, -3.0251e-01]],\n",
       " \n",
       "          [[ 9.5476e-01, -2.0847e-01, -2.1208e-01],\n",
       "           [ 2.1210e-01,  9.7723e-01, -5.7509e-03],\n",
       "           [ 2.0845e-01, -3.9491e-02,  9.7724e-01]],\n",
       " \n",
       "          [[ 9.1264e-01, -4.0329e-01, -6.6752e-02],\n",
       "           [ 4.0877e-01,  9.0092e-01,  1.4577e-01],\n",
       "           [ 1.3525e-03, -1.6032e-01,  9.8706e-01]]]], device='cuda:0',\n",
       "        requires_grad=True),\n",
       " 'betas': tensor([[-0.9226, -1.0033,  0.1060,  ..., -3.0482, -0.0063,  1.3081],\n",
       "         [-0.9260, -0.9692,  0.0146,  ..., -3.0339,  0.0812,  1.2790],\n",
       "         [-0.9249, -0.9682,  0.0317,  ..., -3.0110,  0.0397,  1.2858],\n",
       "         ...,\n",
       "         [-0.9220, -1.0067,  0.1115,  ..., -3.0570, -0.0084,  1.3108],\n",
       "         [-0.9001, -0.9590,  0.0349,  ..., -3.1042, -0.0742,  1.1923],\n",
       "         [-0.9218, -1.0026,  0.1030,  ..., -3.0545, -0.0104,  1.3065]],\n",
       "        device='cuda:0', requires_grad=True),\n",
       " 'left_hand_pose': tensor([[[[ 0.8409,  0.3814, -0.3840],\n",
       "           [-0.4870,  0.8427, -0.2295],\n",
       "           [ 0.2361,  0.3800,  0.8944]],\n",
       " \n",
       "          [[ 0.4230,  0.8780, -0.2241],\n",
       "           [-0.8876,  0.3518, -0.2974],\n",
       "           [-0.1822,  0.3247,  0.9281]],\n",
       " \n",
       "          [[ 0.9143,  0.1005, -0.3924],\n",
       "           [ 0.1562,  0.8063,  0.5706],\n",
       "           [ 0.3737, -0.5830,  0.7215]],\n",
       " \n",
       "          ...,\n",
       " \n",
       "          [[ 0.7414,  0.6373, -0.2101],\n",
       "           [ 0.3745, -0.6528, -0.6584],\n",
       "           [-0.5568,  0.4095, -0.7227]],\n",
       " \n",
       "          [[ 0.7178, -0.3799, -0.5835],\n",
       "           [ 0.6819,  0.2139,  0.6995],\n",
       "           [-0.1409, -0.9000,  0.4126]],\n",
       " \n",
       "          [[ 0.5515,  0.6688, -0.4986],\n",
       "           [-0.6980,  0.0426, -0.7148],\n",
       "           [-0.4568,  0.7422,  0.4903]]],\n",
       " \n",
       " \n",
       "         [[[ 0.7862,  0.4889, -0.3781],\n",
       "           [-0.5854,  0.7851, -0.2022],\n",
       "           [ 0.1980,  0.3803,  0.9034]],\n",
       " \n",
       "          [[ 0.4271,  0.8723, -0.2381],\n",
       "           [-0.8774,  0.3361, -0.3424],\n",
       "           [-0.2186,  0.3551,  0.9089]],\n",
       " \n",
       "          [[ 0.8901, -0.0011, -0.4558],\n",
       "           [ 0.2865,  0.7792,  0.5575],\n",
       "           [ 0.3545, -0.6268,  0.6939]],\n",
       " \n",
       "          ...,\n",
       " \n",
       "          [[ 0.7449,  0.6278, -0.2258],\n",
       "           [ 0.3952, -0.6879, -0.6088],\n",
       "           [-0.5375,  0.3643, -0.7605]],\n",
       " \n",
       "          [[ 0.6895, -0.2615, -0.6754],\n",
       "           [ 0.7219,  0.1730,  0.6700],\n",
       "           [-0.0584, -0.9496,  0.3081]],\n",
       " \n",
       "          [[ 0.5769,  0.6726, -0.4636],\n",
       "           [-0.6462,  0.0285, -0.7627],\n",
       "           [-0.4997,  0.7395,  0.4510]]],\n",
       " \n",
       " \n",
       "         [[[ 0.8250,  0.4211, -0.3769],\n",
       "           [-0.5210,  0.8251, -0.2187],\n",
       "           [ 0.2189,  0.3768,  0.9001]],\n",
       " \n",
       "          [[ 0.4090,  0.8828, -0.2311],\n",
       "           [-0.8890,  0.3283, -0.3192],\n",
       "           [-0.2060,  0.3360,  0.9191]],\n",
       " \n",
       "          [[ 0.9006,  0.0756, -0.4280],\n",
       "           [ 0.2020,  0.7991,  0.5662],\n",
       "           [ 0.3849, -0.5964,  0.7044]],\n",
       " \n",
       "          ...,\n",
       " \n",
       "          [[ 0.7488,  0.6306, -0.2040],\n",
       "           [ 0.3834, -0.6632, -0.6428],\n",
       "           [-0.5407,  0.4031, -0.7383]],\n",
       " \n",
       "          [[ 0.7150, -0.3005, -0.6312],\n",
       "           [ 0.6942,  0.1992,  0.6916],\n",
       "           [-0.0821, -0.9327,  0.3511]],\n",
       " \n",
       "          [[ 0.5792,  0.6697, -0.4648],\n",
       "           [-0.6581,  0.0477, -0.7514],\n",
       "           [-0.4811,  0.7411,  0.4684]]],\n",
       " \n",
       " \n",
       "         ...,\n",
       " \n",
       " \n",
       "         [[[ 0.8408,  0.3806, -0.3849],\n",
       "           [-0.4871,  0.8421, -0.2314],\n",
       "           [ 0.2360,  0.3821,  0.8935]],\n",
       " \n",
       "          [[ 0.4256,  0.8767, -0.2242],\n",
       "           [-0.8870,  0.3551, -0.2950],\n",
       "           [-0.1790,  0.3244,  0.9288]],\n",
       " \n",
       "          [[ 0.9156,  0.0999, -0.3895],\n",
       "           [ 0.1545,  0.8070,  0.5700],\n",
       "           [ 0.3712, -0.5821,  0.7234]],\n",
       " \n",
       "          ...,\n",
       " \n",
       "          [[ 0.7407,  0.6374, -0.2123],\n",
       "           [ 0.3755, -0.6548, -0.6559],\n",
       "           [-0.5571,  0.4061, -0.7244]],\n",
       " \n",
       "          [[ 0.7172, -0.3805, -0.5838],\n",
       "           [ 0.6823,  0.2130,  0.6993],\n",
       "           [-0.1417, -0.8999,  0.4124]],\n",
       " \n",
       "          [[ 0.5520,  0.6678, -0.4994],\n",
       "           [-0.6980,  0.0424, -0.7148],\n",
       "           [-0.4562,  0.7431,  0.4896]]],\n",
       " \n",
       " \n",
       "         [[[ 0.9038,  0.2762, -0.3269],\n",
       "           [-0.3710,  0.8864, -0.2769],\n",
       "           [ 0.2133,  0.3715,  0.9036]],\n",
       " \n",
       "          [[ 0.3740,  0.8900, -0.2608],\n",
       "           [-0.9118,  0.3015, -0.2787],\n",
       "           [-0.1694,  0.3421,  0.9243]],\n",
       " \n",
       "          [[ 0.8968,  0.1228, -0.4250],\n",
       "           [ 0.1432,  0.8284,  0.5415],\n",
       "           [ 0.4186, -0.5465,  0.7254]],\n",
       " \n",
       "          ...,\n",
       " \n",
       "          [[ 0.7566,  0.6352, -0.1553],\n",
       "           [ 0.3266, -0.5728, -0.7518],\n",
       "           [-0.5665,  0.5181, -0.6408]],\n",
       " \n",
       "          [[ 0.7680, -0.3348, -0.5460],\n",
       "           [ 0.6309,  0.2483,  0.7351],\n",
       "           [-0.1105, -0.9090,  0.4020]],\n",
       " \n",
       "          [[ 0.5920,  0.6835, -0.4270],\n",
       "           [-0.6174,  0.0441, -0.7854],\n",
       "           [-0.5180,  0.7286,  0.4481]]],\n",
       " \n",
       " \n",
       "         [[[ 0.8382,  0.3872, -0.3841],\n",
       "           [-0.4926,  0.8398, -0.2284],\n",
       "           [ 0.2342,  0.3807,  0.8946]],\n",
       " \n",
       "          [[ 0.4251,  0.8767, -0.2249],\n",
       "           [-0.8861,  0.3523, -0.3013],\n",
       "           [-0.1849,  0.3274,  0.9266]],\n",
       " \n",
       "          [[ 0.9131,  0.0931, -0.3970],\n",
       "           [ 0.1660,  0.8044,  0.5704],\n",
       "           [ 0.3725, -0.5867,  0.7191]],\n",
       " \n",
       "          ...,\n",
       " \n",
       "          [[ 0.7411,  0.6373, -0.2113],\n",
       "           [ 0.3744, -0.6535, -0.6578],\n",
       "           [-0.5573,  0.4084, -0.7229]],\n",
       " \n",
       "          [[ 0.7163, -0.3769, -0.5872],\n",
       "           [ 0.6838,  0.2117,  0.6983],\n",
       "           [-0.1389, -0.9017,  0.4093]],\n",
       " \n",
       "          [[ 0.5523,  0.6690, -0.4974],\n",
       "           [-0.6967,  0.0428, -0.7160],\n",
       "           [-0.4577,  0.7420,  0.4897]]]], device='cuda:0', requires_grad=True),\n",
       " 'right_hand_pose': tensor([[[[ 6.4732e-01, -7.2564e-01,  2.3331e-01],\n",
       "           [ 7.6020e-01,  5.9232e-01, -2.6693e-01],\n",
       "           [ 5.5503e-02,  3.5015e-01,  9.3505e-01]],\n",
       " \n",
       "          [[ 2.4682e-01, -9.4553e-01,  2.1226e-01],\n",
       "           [ 9.6714e-01,  2.5413e-01,  7.4372e-03],\n",
       "           [-6.0972e-02,  2.0345e-01,  9.7719e-01]],\n",
       " \n",
       "          [[ 9.6044e-01, -1.8952e-01,  2.0408e-01],\n",
       "           [ 1.1252e-01,  9.3434e-01,  3.3814e-01],\n",
       "           [-2.5476e-01, -3.0180e-01,  9.1870e-01]],\n",
       " \n",
       "          ...,\n",
       " \n",
       "          [[ 7.6394e-01, -6.4153e-01, -6.9595e-02],\n",
       "           [-4.2155e-01, -4.1449e-01, -8.0653e-01],\n",
       "           [ 4.8856e-01,  6.4547e-01, -5.8709e-01]],\n",
       " \n",
       "          [[ 8.9568e-01,  3.9378e-01,  2.0664e-01],\n",
       "           [-3.6914e-01,  3.9924e-01,  8.3925e-01],\n",
       "           [ 2.4798e-01, -8.2798e-01,  5.0295e-01]],\n",
       " \n",
       "          [[ 7.2276e-01, -3.6871e-01,  5.8452e-01],\n",
       "           [ 6.8799e-01,  4.6401e-01, -5.5800e-01],\n",
       "           [-6.5483e-02,  8.0545e-01,  5.8904e-01]]],\n",
       " \n",
       " \n",
       "         [[[ 7.2705e-01, -6.7650e-01,  1.1727e-01],\n",
       "           [ 6.7560e-01,  6.7446e-01, -2.9779e-01],\n",
       "           [ 1.2236e-01,  2.9574e-01,  9.4740e-01]],\n",
       " \n",
       "          [[ 1.5578e-01, -9.5073e-01,  2.6806e-01],\n",
       "           [ 9.8500e-01,  1.6989e-01,  3.0127e-02],\n",
       "           [-7.4182e-02,  2.5935e-01,  9.6293e-01]],\n",
       " \n",
       "          [[ 9.5588e-01, -2.0370e-01,  2.1165e-01],\n",
       "           [ 1.3653e-01,  9.4603e-01,  2.9391e-01],\n",
       "           [-2.6010e-01, -2.5204e-01,  9.3211e-01]],\n",
       " \n",
       "          ...,\n",
       " \n",
       "          [[ 7.3367e-01, -6.4386e-01, -2.1719e-01],\n",
       "           [-4.7503e-01, -2.5744e-01, -8.4147e-01],\n",
       "           [ 4.8588e-01,  7.2053e-01, -4.9473e-01]],\n",
       " \n",
       "          [[ 9.2673e-01,  3.3758e-01,  1.6498e-01],\n",
       "           [-3.0362e-01,  4.1413e-01,  8.5809e-01],\n",
       "           [ 2.2135e-01, -8.4530e-01,  4.8628e-01]],\n",
       " \n",
       "          [[ 8.0933e-01, -2.1842e-01,  5.4523e-01],\n",
       "           [ 5.5529e-01,  5.8707e-01, -5.8907e-01],\n",
       "           [-1.9142e-01,  7.7952e-01,  5.9642e-01]]],\n",
       " \n",
       " \n",
       "         [[[ 6.4084e-01, -7.4567e-01,  1.8245e-01],\n",
       "           [ 7.5997e-01,  5.8267e-01, -2.8798e-01],\n",
       "           [ 1.0843e-01,  3.2321e-01,  9.4010e-01]],\n",
       " \n",
       "          [[ 1.5977e-01, -9.4227e-01,  2.9429e-01],\n",
       "           [ 9.8399e-01,  1.7587e-01,  2.8914e-02],\n",
       "           [-7.9001e-02,  2.8496e-01,  9.5528e-01]],\n",
       " \n",
       "          [[ 9.7380e-01, -7.3147e-02,  2.1534e-01],\n",
       "           [-6.9171e-03,  9.3690e-01,  3.4953e-01],\n",
       "           [-2.2732e-01, -3.4186e-01,  9.1184e-01]],\n",
       " \n",
       "          ...,\n",
       " \n",
       "          [[ 6.9893e-01, -7.1185e-01, -6.9030e-02],\n",
       "           [-4.9692e-01, -4.1395e-01, -7.6270e-01],\n",
       "           [ 5.1435e-01,  5.6738e-01, -6.4306e-01]],\n",
       " \n",
       "          [[ 8.5004e-01,  4.9063e-01,  1.9162e-01],\n",
       "           [-4.0931e-01,  3.8634e-01,  8.2656e-01],\n",
       "           [ 3.3151e-01, -7.8104e-01,  5.2922e-01]],\n",
       " \n",
       "          [[ 6.7911e-01, -3.5618e-01,  6.4183e-01],\n",
       "           [ 7.2732e-01,  4.4450e-01, -5.2290e-01],\n",
       "           [-9.9052e-02,  8.2192e-01,  5.6092e-01]]],\n",
       " \n",
       " \n",
       "         ...,\n",
       " \n",
       " \n",
       "         [[[ 5.5262e-01, -8.0766e-01,  2.0567e-01],\n",
       "           [ 8.2874e-01,  5.0636e-01, -2.3831e-01],\n",
       "           [ 8.8329e-02,  3.0214e-01,  9.4916e-01]],\n",
       " \n",
       "          [[ 1.5089e-01, -9.6328e-01,  2.2210e-01],\n",
       "           [ 9.8805e-01,  1.5410e-01, -2.8851e-03],\n",
       "           [-3.1447e-02,  2.1988e-01,  9.7502e-01]],\n",
       " \n",
       "          [[ 9.4887e-01, -2.2024e-01,  2.2616e-01],\n",
       "           [ 1.3163e-01,  9.2721e-01,  3.5066e-01],\n",
       "           [-2.8693e-01, -3.0296e-01,  9.0878e-01]],\n",
       " \n",
       "          ...,\n",
       " \n",
       "          [[ 7.5741e-01, -6.4473e-01, -1.0322e-01],\n",
       "           [-4.3916e-01, -3.8604e-01, -8.1124e-01],\n",
       "           [ 4.8319e-01,  6.5977e-01, -5.7553e-01]],\n",
       " \n",
       "          [[ 8.9718e-01,  4.0349e-01,  1.7962e-01],\n",
       "           [-3.5542e-01,  4.1815e-01,  8.3596e-01],\n",
       "           [ 2.6219e-01, -8.1385e-01,  5.1857e-01]],\n",
       " \n",
       "          [[ 7.0928e-01, -3.7778e-01,  5.9516e-01],\n",
       "           [ 7.0091e-01,  4.6795e-01, -5.3828e-01],\n",
       "           [-7.5154e-02,  7.9894e-01,  5.9669e-01]]],\n",
       " \n",
       " \n",
       "         [[[ 3.5154e-01, -9.2205e-01,  1.6199e-01],\n",
       "           [ 9.2468e-01,  3.1496e-01, -2.1395e-01],\n",
       "           [ 1.4625e-01,  2.2500e-01,  9.6332e-01]],\n",
       " \n",
       "          [[ 1.2420e-01, -9.4994e-01,  2.8667e-01],\n",
       "           [ 9.9045e-01,  1.0126e-01, -9.3560e-02],\n",
       "           [ 5.9848e-02,  2.9556e-01,  9.5345e-01]],\n",
       " \n",
       "          [[ 9.4578e-01, -7.4889e-02,  3.1607e-01],\n",
       "           [-3.8977e-02,  9.3986e-01,  3.3933e-01],\n",
       "           [-3.2247e-01, -3.3325e-01,  8.8598e-01]],\n",
       " \n",
       "          ...,\n",
       " \n",
       "          [[ 8.0526e-01, -5.7469e-01, -1.4592e-01],\n",
       "           [-3.9570e-01, -3.3761e-01, -8.5407e-01],\n",
       "           [ 4.4156e-01,  7.4549e-01, -4.9927e-01]],\n",
       " \n",
       "          [[ 9.6890e-01,  1.0910e-01,  2.2211e-01],\n",
       "           [-2.4745e-01,  4.2595e-01,  8.7025e-01],\n",
       "           [ 3.3402e-04, -8.9814e-01,  4.3970e-01]],\n",
       " \n",
       "          [[ 8.7023e-01, -2.2247e-01,  4.3956e-01],\n",
       "           [ 4.8746e-01,  5.1808e-01, -7.0284e-01],\n",
       "           [-7.1373e-02,  8.2589e-01,  5.5929e-01]]],\n",
       " \n",
       " \n",
       "         [[[ 6.7794e-01, -6.9245e-01,  2.4680e-01],\n",
       "           [ 7.3413e-01,  6.2033e-01, -2.7612e-01],\n",
       "           [ 3.8101e-02,  3.6838e-01,  9.2889e-01]],\n",
       " \n",
       "          [[ 2.7678e-01, -9.4120e-01,  1.9373e-01],\n",
       "           [ 9.5875e-01,  2.8405e-01,  1.0286e-02],\n",
       "           [-6.4710e-02,  1.8289e-01,  9.8100e-01]],\n",
       " \n",
       "          [[ 9.5258e-01, -2.3159e-01,  1.9737e-01],\n",
       "           [ 1.5752e-01,  9.3028e-01,  3.3132e-01],\n",
       "           [-2.6034e-01, -2.8452e-01,  9.2264e-01]],\n",
       " \n",
       "          ...,\n",
       " \n",
       "          [[ 7.8509e-01, -6.1456e-01, -7.7119e-02],\n",
       "           [-3.9281e-01, -3.9776e-01, -8.2915e-01],\n",
       "           [ 4.7889e-01,  6.8125e-01, -5.5368e-01]],\n",
       " \n",
       "          [[ 9.1045e-01,  3.3490e-01,  2.4273e-01],\n",
       "           [-3.6892e-01,  3.9219e-01,  8.4267e-01],\n",
       "           [ 1.8701e-01, -8.5675e-01,  4.8062e-01]],\n",
       " \n",
       "          [[ 7.6298e-01, -3.3162e-01,  5.5488e-01],\n",
       "           [ 6.3936e-01,  5.1366e-01, -5.7216e-01],\n",
       "           [-9.5281e-02,  7.9131e-01,  6.0394e-01]]]], device='cuda:0',\n",
       "        requires_grad=True),\n",
       " 'jaw_pose': tensor([[[[ 0.9997,  0.0071,  0.0233],\n",
       "           [-0.0079,  0.9994,  0.0338],\n",
       "           [-0.0231, -0.0340,  0.9992]]],\n",
       " \n",
       " \n",
       "         [[[ 0.9996,  0.0078,  0.0262],\n",
       "           [-0.0088,  0.9993,  0.0352],\n",
       "           [-0.0259, -0.0354,  0.9990]]],\n",
       " \n",
       " \n",
       "         [[[ 0.9997,  0.0067,  0.0243],\n",
       "           [-0.0075,  0.9994,  0.0344],\n",
       "           [-0.0240, -0.0346,  0.9991]]],\n",
       " \n",
       " \n",
       "         ...,\n",
       " \n",
       " \n",
       "         [[[ 0.9997,  0.0074,  0.0235],\n",
       "           [-0.0082,  0.9994,  0.0337],\n",
       "           [-0.0232, -0.0339,  0.9992]]],\n",
       " \n",
       " \n",
       "         [[[ 0.9995,  0.0137,  0.0293],\n",
       "           [-0.0146,  0.9994,  0.0325],\n",
       "           [-0.0288, -0.0329,  0.9990]]],\n",
       " \n",
       " \n",
       "         [[[ 0.9997,  0.0075,  0.0236],\n",
       "           [-0.0083,  0.9994,  0.0338],\n",
       "           [-0.0234, -0.0340,  0.9991]]]], device='cuda:0', requires_grad=True),\n",
       " 'leye_pose': tensor([[[0., 0., 0.]],\n",
       " \n",
       "         [[0., 0., 0.]],\n",
       " \n",
       "         [[0., 0., 0.]],\n",
       " \n",
       "         [[0., 0., 0.]],\n",
       " \n",
       "         [[0., 0., 0.]],\n",
       " \n",
       "         [[0., 0., 0.]],\n",
       " \n",
       "         [[0., 0., 0.]],\n",
       " \n",
       "         [[0., 0., 0.]],\n",
       " \n",
       "         [[0., 0., 0.]],\n",
       " \n",
       "         [[0., 0., 0.]],\n",
       " \n",
       "         [[0., 0., 0.]],\n",
       " \n",
       "         [[0., 0., 0.]],\n",
       " \n",
       "         [[0., 0., 0.]],\n",
       " \n",
       "         [[0., 0., 0.]],\n",
       " \n",
       "         [[0., 0., 0.]],\n",
       " \n",
       "         [[0., 0., 0.]],\n",
       " \n",
       "         [[0., 0., 0.]],\n",
       " \n",
       "         [[0., 0., 0.]],\n",
       " \n",
       "         [[0., 0., 0.]],\n",
       " \n",
       "         [[0., 0., 0.]],\n",
       " \n",
       "         [[0., 0., 0.]],\n",
       " \n",
       "         [[0., 0., 0.]],\n",
       " \n",
       "         [[0., 0., 0.]],\n",
       " \n",
       "         [[0., 0., 0.]],\n",
       " \n",
       "         [[0., 0., 0.]],\n",
       " \n",
       "         [[0., 0., 0.]],\n",
       " \n",
       "         [[0., 0., 0.]],\n",
       " \n",
       "         [[0., 0., 0.]],\n",
       " \n",
       "         [[0., 0., 0.]],\n",
       " \n",
       "         [[0., 0., 0.]],\n",
       " \n",
       "         [[0., 0., 0.]],\n",
       " \n",
       "         [[0., 0., 0.]],\n",
       " \n",
       "         [[0., 0., 0.]],\n",
       " \n",
       "         [[0., 0., 0.]],\n",
       " \n",
       "         [[0., 0., 0.]],\n",
       " \n",
       "         [[0., 0., 0.]],\n",
       " \n",
       "         [[0., 0., 0.]],\n",
       " \n",
       "         [[0., 0., 0.]],\n",
       " \n",
       "         [[0., 0., 0.]],\n",
       " \n",
       "         [[0., 0., 0.]],\n",
       " \n",
       "         [[0., 0., 0.]],\n",
       " \n",
       "         [[0., 0., 0.]],\n",
       " \n",
       "         [[0., 0., 0.]],\n",
       " \n",
       "         [[0., 0., 0.]],\n",
       " \n",
       "         [[0., 0., 0.]],\n",
       " \n",
       "         [[0., 0., 0.]],\n",
       " \n",
       "         [[0., 0., 0.]],\n",
       " \n",
       "         [[0., 0., 0.]],\n",
       " \n",
       "         [[0., 0., 0.]],\n",
       " \n",
       "         [[0., 0., 0.]],\n",
       " \n",
       "         [[0., 0., 0.]],\n",
       " \n",
       "         [[0., 0., 0.]],\n",
       " \n",
       "         [[0., 0., 0.]],\n",
       " \n",
       "         [[0., 0., 0.]],\n",
       " \n",
       "         [[0., 0., 0.]],\n",
       " \n",
       "         [[0., 0., 0.]],\n",
       " \n",
       "         [[0., 0., 0.]],\n",
       " \n",
       "         [[0., 0., 0.]],\n",
       " \n",
       "         [[0., 0., 0.]],\n",
       " \n",
       "         [[0., 0., 0.]],\n",
       " \n",
       "         [[0., 0., 0.]],\n",
       " \n",
       "         [[0., 0., 0.]],\n",
       " \n",
       "         [[0., 0., 0.]],\n",
       " \n",
       "         [[0., 0., 0.]],\n",
       " \n",
       "         [[0., 0., 0.]],\n",
       " \n",
       "         [[0., 0., 0.]],\n",
       " \n",
       "         [[0., 0., 0.]],\n",
       " \n",
       "         [[0., 0., 0.]],\n",
       " \n",
       "         [[0., 0., 0.]],\n",
       " \n",
       "         [[0., 0., 0.]],\n",
       " \n",
       "         [[0., 0., 0.]],\n",
       " \n",
       "         [[0., 0., 0.]],\n",
       " \n",
       "         [[0., 0., 0.]],\n",
       " \n",
       "         [[0., 0., 0.]],\n",
       " \n",
       "         [[0., 0., 0.]],\n",
       " \n",
       "         [[0., 0., 0.]],\n",
       " \n",
       "         [[0., 0., 0.]],\n",
       " \n",
       "         [[0., 0., 0.]],\n",
       " \n",
       "         [[0., 0., 0.]],\n",
       " \n",
       "         [[0., 0., 0.]],\n",
       " \n",
       "         [[0., 0., 0.]],\n",
       " \n",
       "         [[0., 0., 0.]],\n",
       " \n",
       "         [[0., 0., 0.]],\n",
       " \n",
       "         [[0., 0., 0.]],\n",
       " \n",
       "         [[0., 0., 0.]],\n",
       " \n",
       "         [[0., 0., 0.]],\n",
       " \n",
       "         [[0., 0., 0.]],\n",
       " \n",
       "         [[0., 0., 0.]],\n",
       " \n",
       "         [[0., 0., 0.]],\n",
       " \n",
       "         [[0., 0., 0.]],\n",
       " \n",
       "         [[0., 0., 0.]],\n",
       " \n",
       "         [[0., 0., 0.]],\n",
       " \n",
       "         [[0., 0., 0.]],\n",
       " \n",
